!RF01;  00 00 00 00   -1 00 00 00   -1 00 00 00   -1 00 00 00   -1 00 00 00   01 01 01 01   00 00 00 00   00 00 00 00   00 00 00 00   00 00 00 00    00
!RF02;  00 00 00 00   00 -1 00 00   00 -1 00 00   00 -1 00 00   00 -1 00 00   00 00 00 00   01 01 01 01   00 00 00 00   00 00 00 00   00 00 00 00    00
!RF03;  00 00 00 00   00 00 -1 00   00 00 -1 00   00 00 -1 00   00 00 -1 00   00 00 00 00   00 00 00 00   01 01 01 01   00 00 00 00   00 00 00 00    00
!RF04;  00 00 00 00   00 00 00 -1   00 00 00 -1   00 00 00 -1   00 00 00 -1   00 00 00 00   00 00 00 00   00 00 00 00   01 01 01 01   00 00 00 00    00
!CD01;  00 00 00 00   00 00 00 00   00 00 00 00   00 00 00 00   00 00 00 00   -1 00 00 00   -1 00 00 00   -1 00 00 00   -1 00 00 00   01 00 00 00    00
!CD02;  00 00 00 00   00 00 00 00   00 00 00 00   00 00 00 00   00 00 00 00   00 -1 00 00   00 -1 00 00   00 -1 00 00   00 -1 00 00   00 01 00 00    00
!CD03;  00 00 00 00   00 00 00 00   00 00 00 00   00 00 00 00   00 00 00 00   00 00 -1 00   00 00 -1 00   00 00 -1 00   00 00 -1 00   00 00 01 00    00
!CD04;  00 00 00 00   00 00 00 00   00 00 00 00   00 00 00 00   00 00 00 00   00 00 00 -1   00 00 00 -1   00 00 00 -1   00 00 00 -1   00 00 00 01    00
!DEST;  00 00 00 00   00 00 00 00   00 00 00 00   00 00 00 00   00 00 00 00   00 00 00 00   00 00 00 00   00 00 00 00   00 00 00 00   -1 -1 -1 -1    -1
;
ENDDATA
        
        !FUNCION OBJETIVO;
        MIN = @SUM(ARCOS(j):C(j)*X(j));
        
        !RESTRICCIONES DE LOS NODOS;
        @FOR(NODOS(i):
                        @SUM(ARCOS(j): INCIDENCIA(i,j)*X(j)) = B(i)
        );
        
        !RESTRICCIONES DE CAPACIDAD;
        @FOR(ARCOS(j):
                        @BND(0,X(j),U(j))
        );
        
END